+989136082761
+989136090609
+989136099185
+989136086684
+989136069988
+989136087752
+989136095694
+989136083267
+989136091500
+989136091758
+989136091005
+989136097961
+989136091179
+989136066103
+989136064715
+989136070057
+989136097457
+989136065481
+989136064765
+989136068063
+989136080812
+989136098476
+989136088323
+989136078957
+989136089164
+989136067535
+989136065147
+989136093611
+989136084098
+989136085187
+989136080856
+989136067286
+989136080818
+989136068513
+989136079361
+989136063968
+989136065354
+989136095751
+989136098407
+989136094224
+989136098978
+989136069627
+989136063384
+989136097796
+989136088204
+989136088729
+989136098403
+989136065196
+989136081689
+989136079964
+989136091354
+989136095199
+989136085757
+989136098719
+989136066077
+989136069022
+989136087934
+989136087875
+989136098006
+989136065204
+989136080489
+989136092303
+989136066776
+989136098459
+989136088166
+989136070097
+989136093217
+989136067986
+989136097237
+989136065988
+989136080602
+989136064461
+989136068474
+989136085181
+989136085007
+989136082654
+989136080475
+989136092895
+989136093992
+989136082592
+989136087979
+989136085608
+989136094709
+989136065004
+989136084482
+989136082499
+989136083141
+989136088696
+989136067255
+989136093934
+989136086376
+989136066551
+989136088447
+989136065846
+989136066760
+989136081707
+989136080497
+989136099387
+989136094348
+989136097348
+989136082467
+989136086219
+989136093560
+989136087627
+989136085230
+989136067733
+989136092197
+989136079526
+989136068331
+989136098124
+989136079703
+989136096349
+989136090089
+989136097304
+989136095302
+989136091849
+989136081679
+989136069246
+989136083501
+989136098233
+989136094253
+989136096904
+989136094809
+989136087692
+989136097437
+989136095738
+989136083804
+989136090361
+989136062933
+989136094292
+989136092981
+989136063561
+989136064571
+989136088143
+989136096791
+989136096123
+989136079572
+989136065872
+989136089132
+989136062936
+989136097871
+989136088607
+989136066907
+989136068219
+989136085175
+989136088818
+989136098513
+989136084635
+989136080206
+989136078724
+989136082410
+989136095848
+989136090100
+989136083695
+989136092239
+989136086922
+989136080188
+989136095170
+989136088185
+989136079442
+989136081711
+989136066706
+989136093669
+989136065168
+989136097553
+989136088539
+989136087710
+989136091371
+989136083535
+989136089908
+989136094398
+989136091161
+989136091919
+989136069128
+989136069648
+989136098533
+989136084723
+989136089430
+989136093084
+989136094308
+989136080833
+989136069289
+989136097373
+989136098052
+989136063018
+989136091528
+989136093472
+989136093326
+989136067010
+989136090803
+989136087645
+989136094471
+989136098717
+989136066286
+989136090246
+989136069047
+989136091000
+989136082281
+989136086659
+989136097561
+989136096777
+989136066046
+989136064769
+989136098795
+989136083049
+989136065947
+989136064968
+989136063061
+989136091105
+989136086054
+989136094107
+989136082404
+989136098535
+989136062900
+989136086270
+989136069461
+989136090623
+989136069812
+989136093474
+989136091414
+989136095443
+989136087051
+989136094210
+989136069462
+989136086905
+989136093809
+989136081740
+989136091639
+989136065444
+989136088272
+989136084038
+989136081083
+989136098677
+989136095814
+989136062631
+989136068386
+989136089429
+989136098215
+989136084647
+989136090434
+989136079086
+989136083548
+989136092721
+989136064574
+989136064425
+989136082109
+989136066754
+989136094185
+989136066677
+989136067687
+989136088114
+989136088631
+989136078884
+989136065476
+989136085626
+989136085337
+989136088147
+989136095651
+989136098147
+989136069786
+989136081113
+989136070326
+989136065441
+989136067864
+989136091486
+989136079120
+989136082250
+989136093032
+989136085947
+989136084455
+989136089666
+989136097857
+989136070201
+989136066005
+989136066363
+989136098303
+989136097041
+989136069999
+989136066043
+989136099289
+989136089225
+989136088411
+989136070154
+989136082875
+989136083801
+989136094923
+989136069436
+989136097697
+989136067382
+989136080127
+989136080025
+989136084640
+989136098997
+989136080828
+989136084422
+989136094234
+989136068441
+989136080897
+989136082325
+989136095664
+989136084310
+989136067207
+989136091415
+989136062814
+989136085495
+989136064719
+989136090708
+989136098835
+989136081754
+989136091881
+989136092762
+989136080696
+989136093374
+989136087276
+989136091802
+989136098722
+989136080093
+989136098947
+989136092852
+989136086956
+989136087695
+989136068735
+989136098419
+989136081777
+989136062455
+989136099077
+989136088952
+989136098226
+989136068640
+989136095444
+989136096142
+989136090687
+989136080140
+989136083522
+989136069788
+989136064407
+989136064812
+989136066128
+989136097351
+989136063180
+989136066891
+989136082633
+989136078796
+989136063604
+989136063300
+989136097851
+989136092716
+989136086384
+989136091328
+989136092064
+989136063420
+989136097752
+989136082488
+989136066736
+989136097807
+989136097858
+989136064952
+989136086787
+989136078879
+989136084852
+989136094286
+989136068634
+989136091630
+989136090018
+989136068505
+989136094442
+989136093047
+989136091472
+989136098329
+989136086606
+989136082238
+989136086944
+989136091584
+989136086106
+989136081128
+989136096945
+989136092211
+989136090753
+989136080808
+989136083258
+989136078641
+989136078613
+989136067835
+989136080418
+989136083292
+989136068730
+989136089227
+989136086368
+989136083904
+989136089306
+989136066925
+989136068540
+989136086462
+989136083787
+989136069179
+989136098929
+989136070274
+989136083253
+989136088391
+989136080050
+989136063783
+989136078746
+989136078978
+989136087938
+989136063839
+989136087394
+989136063614
+989136082706
+989136067969
+989136064996
+989136065856
+989136078914
+989136088806
+989136081410
+989136098037
+989136082243
+989136099001
+989136067323
+989136098266
+989136065233
+989136093028
+989136085914
+989136098309
+989136096823
+989136082994
+989136079991
+989136097723
+989136088247
+989136066711
+989136068652
+989136097698
+989136065078
+989136090515
+989136093616
+989136093944
+989136086630
+989136091208
+989136092960
+989136095836
+989136096912
+989136099829
+989136066095
+989136084916
+989136091491
+989136065288
+989136095352
+989136099710
+989136088970
+989136086088
+989136088361
+989136099788
+989136097159
+989136089229
+989136065819
+989136069451
+989136092906
+989136098572
+989136084062
+989136092442
+989136068344
+989136081446
+989136090697
+989136062809
+989136091056
+989136068637
+989136062953
+989136068345
+989136093471
+989136085220
+989136095665
+989136078695
+989136098454
+989136070104
+989136089943
+989136066894
+989136064521
+989136085744
+989136080139
+989136067412
+989136095653
+989136092573
+989136083269
+989136079137
+989136069808
+989136063292
+989136096459
+989136099484
+989136085353
+989136096175
+989136080202
+989136064739
+989136064617
+989136086031
+989136064540
+989136098573
+989136067399
+989136079482
+989136091280
+989136067390
+989136066603
+989136088196
+989136089475
+989136098095
+989136086601
+989136068761
+989136098375
+989136079992
+989136094397
+989136068937
+989136090660
+989136063803
+989136069684
+989136085312
+989136090698
+989136065160
+989136084567
+989136099651
+989136081835
+989136082665
+989136064918
+989136064567
+989136097815
+989136094544
+989136083421
+989136080439
+989136079314
+989136086458
+989136081085
+989136080804
+989136087501
+989136065967
+989136090549
+989136088238
+989136063707
+989136094085
+989136065699
+989136080251
+989136093539
+989136082941
+989136086342
+989136067943
+989136097126
+989136063760
+989136082279
+989136067834
+989136091601
+989136093242
+989136081265
+989136082716
+989136079448
+989136098229
+989136098633
+989136065811
+989136088265
+989136088836
+989136069102
+989136095467
+989136065996
+989136069985
+989136080900
+989136068665
+989136087777
+989136063126
+989136092831
+989136195693
+989136184295
+989136188095
+989136186233
+989136182037
+989136193429
+989136192708
+989136193323
+989136191578
+989136185762
+989136178201
+989136193319
+989136192427
+989136178921
+989136191808
+989136190427
+989136197498
+989136181116
+989136187988
+989136193718
+989136179618
+989136191054
+989136192061
+989136188691
+989136197702
+989136181776
+989136192512
+989136184513
+989136199134
+989136199825
+989136184557
+989136184457
+989136191389
+989136191059
+989136184055
+989136177839
+989136185544
+989136187166
+989136195194
+989136190922
+989136193119
+989136184446
+989136185795
+989136183035
+989136197428
+989136193078
+989136196290
+989136195893
+989136192353
+989136190516
+989136189418
+989136182956
+989136189028
+989136193662
+989136189609
+989136177784
+989136185706
+989136199154
+989136181689
+989136196343
+989136186539
+989136193601
+989136193925
+989136179337
+989136182606
+989136192284
+989136186977
+989136198656
+989136187513
+989136192523
+989136194686
+989136188260
+989136199817
+989136195851
+989136197974
+989136177699
+989136192377
+989136189564
+989136197040
+989136191701
+989136188449
+989136178551
+989136197278
+989136182318
+989136199609
+989136197489
+989136190948
+989136177928
+989136191194
+989136188436
+989136178622
+989136195923
+989136181387
+989136195612
+989136185673
+989136197531
+989136194566
+989136198841
+989136184937
+989136195017
+989136199329
+989136182248
+989136189248
+989136179417
+989136194592
+989136185582
+989136178083
+989136178152
+989136192146
+989136179117
+989136198285
+989136186797
+989136182791
+989136198250
+989136181585
+989136180166
+989136196925
+989136182922
+989136182941
+989136177979
+989136190222
+989136193172
+989136199915
+989136188216
+989136192420
+989136193698
+989136193436
+989136183695
+989136180965
+989136193397
+989136191763
+989136191803
+989136193706
+989136191461
+989136189204
+989136183841
+989136184560
+989136194898
+989136192408
+989136178877
+989136193305
+989136184884
+989136178745
+989136188592
+989136195377
+989136189665
+989136184918
+989136188866
+989136195031
+989136191410
+989136198821
+989136197148
+989136187588
+989136181592
+989136177854
+989136192179
+989136186168
+989136182304
+989136185831
+989136195179
+989136199229
+989136187679
+989136183283
+989136178234
+989136198608
+989136184132
+989136188853
+989136179284
+989136181242
+989136187254
+989136184637
+989136184978
+989136183469
+989136198910
+989136195139
+989136192809
+989136197521
+989136180399
+989136190093
+989136194695
+989136177721
+989136182840
+989136194681
+989136193861
+989136191850
+989136194460
+989136195954
+989136198951
+989136179298
+989136190107
+989136178335
+989136199185
+989136184659
+989136193715
+989136194103
+989136189894
+989136189721
+989136180966
+989136184635
+989136196628
+989136190807
+989136193383
+989136180033
+989136197973
+989136183247
+989136188210
+989136177763
+989136191829
+989136178759
+989136194240
+989136184943
+989136184912
+989136197612
+989136192761
+989136188014
+989136179471
+989136191291
+989136196379
+989136180310
+989136193606
+989136196192
+989136197106
+989136194836
+989136193080
+989136189345
+989136189143
+989136191036
+989136178496
+989136187059
+989136183788
+989136197085
+989136190569
+989136198809
+989136197853
+989136199499
+989136180928
+989136183022
+989136191294
+989136189615
+989136184956
+989136198458
+989136195897
+989136189013
+989136188811
+989136179608
+989136185272
+989136185298
+989136197462
+989136184014
+989136183584
+989136194176
+989136191966
+989136193578
+989136184693
+989136193389
+989136186664
+989136192856
+989136177857
+989136182597
+989136179420
+989136189951
+989136190445
+989136187991
+989136185185
+989136187622
+989136184334
+989136188686
+989136178275
+989136187080
+989136193096
+989136187310
+989136193166
+989136192533
+989136199316
+989136188544
+989136191220
+989136196934
+989136194150
+989136179057
+989136196653
+989136178657
+989136187921
+989136179294
+989136180191
+989136184294
+989136193432
+989136198160
+989136190361
+989136187931
+989136195254
+989136178894
+989136198494
+989136184822
+989136192441
+989136184332
+989136179619
+989136194799
+989136185605
+989136180598
+989136189742
+989136199114
+989136178268
+989136186885
+989136190839
+989136181445
+989136195258
+989136185569
+989136197153
+989136194756
+989136185478
+989136198480
+989136192449
+989136186088
+989136194082
+989136198098
+989136198237
+989136186903
+989136185355
+989136178680
+989136192479
+989136182643
+989136190347
+989136192136
+989136187700
+989136188889
+989136199841
+989136196587
+989136194763
+989136184349
+989136186284
+989136182640
+989136184399
+989136190333
+989136190669
+989136188851
+989136196571
+989136182339
+989136193766
+989136181665
+989136193785
+989136188229
+989136193877
+989136199529
+989136181142
+989136188981
+989136180792
+989136196155
+989136182878
+989136177788
+989136199526
+989136193361
+989136187428
+989136195639
+989136195241
+989136188925
+989136193109
+989136199607
+989136177843
+989136189361
+989136187890
+989136188254
+989136197915
+989136194661
+989136188123
+989136195582
+989136182261
+989136194696
+989136198349
+989136193192
+989136194147
+989136185513
+989136187077
+989136182619
+989136184186
+989136190282
+989136189533
+989136191475
+989136199824
+989136194434
+989136199148
+989136187633
+989136192783
+989136192073
+989136181718
+989136198060
+989136199465
+989136192776
+989136198578
+989136186191
+989136193260
+989136191295
+989136185409
+989136181716
+989136184011
+989136198900
+989136197518
+989136196187
+989136188938
+989136196078
+989136199068
+989136187749
+989136187375
+989136180369
+989136190212
+989136198056
+989136182986
+989136189591
+989136187772
+989136196026
+989136196442
+989136194072
+989136186340
+989136185386
+989136186087
+989136185828
+989136194895
+989136188854
+989136196181
+989136194497
+989136198239
+989136199945
+989136190778
+989136183810
+989136198165
+989136191656
+989136178120
+989136187598
+989136193641
+989136179484
+989136179761
+989136190098
+989136194931
+989136181423
+989136184018
+989136188840
+989136193659
+989136190952
+989136194509
+989136197925
+989136191891
+989136189904
+989136198759
+989136181202
+989136180503
+989136178849
+989136196968
+989136180709
+989136187183
+989136186255
+989136180767
+989136188160
+989136194860
+989136178706
+989136185326
+989136180903
+989136189597
+989136178434
+989136183349
+989136191912
+989136186206
+989136194211
+989136196986
+989136183235
+989136187475
+989136194025
+989136189368
+989136187042
+989136184232
+989136190053
+989136187186
+989136195499
+989136191980
+989136199248
+989136179109
+989136180111
+989136190626
+989136193796
+989136180616
+989136197897
+989136199243
+989136197072
+989136197511
+989136193772
+989136184455
+989136186131
+989136189130
+989136177542
+989136192336
+989136187245
+989136184873
+989136191451
+989136189039
+989136191292
+989136182221
+989136198081
+989136180784
+989136198849
+989136193435
+989136182579
+989136182786
+989136187146
+989136186754
+989136196319
+989136185943
+989136198452
+989136182904
+989136182673
+989136180575
+989136178043
+989136181800
+989136198687
+989136195856
+989136186149
+989136179647
+989136198792
+989136187394
+989136194708
+989136196599
+989136190148
+989136177814
+989136197233
+989136199985
+989136179579
+989136181085
+989136197554
+989136199174
+989136179372
+989136192337
+989136189322
+989136195608
+989136180163
+989136186892
+989136188182
+989136199553
+989136193502
+989136198570
+989136196084
+989136180406
+989136182764
+989136186985
+989136198990
+989136197170
+989136180441
+989136190197
+989136186342
+989136182827
+989136178679
+989136190803
+989136192495
+989136193271
+989136180637
+989136191745
+989136189089
+989136184964
+989136180639
+989136185291
+989136198668
+989136189699
+989136181316
+989136184867
+989136192862
+989136181635
+989136192805
+989136177507
+989136195629
+989136186193
+989136191174
+989136190870
+989136198236
+989136197854
+989136193920
+989136197519
+989136183311
+989136177824
+989136177797
+989136190576
+989136178477
+989136190133
+989136181617
+989136184433
+989136187625
+989136191206
+989136191280
+989136186247
+989136186871
+989136178150
+989136192622
+989136194130
+989136187832
+989136185497
+989136179556
+989136198857
+989136182515
+989136188763
+989136183456
+989136189727
+989136193131
+989136185839
+989136188808
+989136186015
+989136186585
+989136198109
+989136182291
+989136192161
+989136183777
+989136196883
+989136182962
+989136193764
+989136186123
+989136199323
+989136198103
+989136189470
+989136183396
+989136199270
+989136191444
+989136191333
+989136185702
+989136178075
+989136188521
+989136178795
+989136191245
+989136178313
+989136177629
+989136180670
+989136198919
+989136185475
+989136178834
+989136187252
+989136190465
+989136186893
+989136183433
+989136193325
+989136185850
+989136191371
+989136186025
+989136198289
+989136178714
+989136186657
+989136190230
+989136181577
+989136197940
+989136185907
+989136191573
+989136198694
+989136198156
+989136178087
+989136188511
+989136199128
+989136192748
+989136189530
+989136190955
+989136180548
+989136183430
+989136199360
+989136192626
+989136180220
+989136191147
+989136183113
+989136184823
+989136180023
+989136187034
+989136184649
+989136184847
+989136199993
+989136178958
+989136196846
+989136188003
+989136191183
+989136198425
+989136193510
+989136193201
+989136191892
+989136178741
+989136179322
+989136182274
+989136181472
+989136183499
+989136191167
+989136196708
+989136180329
+989136190880
+989136184367
+989136181458
+989136179466
+989136186823
+989136189947
+989136182382
+989136185523
+989136184809
+989136187755
+989136186951
+989136179711
+989136182287
+989136195745
+989136183258
+989136177926
+989136184871
+989136199371
+989136186171
+989136194555
+989136189021
+989136182159
+989136177813
+989136191765
+989136186832
+989136198647
+989136194191
+989136194028
+989136195645
+989136178025
+989136192584
+989136187133
+989136190532
+989136185295
+989136179531
+989136191585
+989136185472
+989136184168
+989136190777
+989136193151
+989136181678
+989136190539
+989136193266
+989136182694
+989136199020
+989136183657
+989136195531
+989136194772
+989136198567
+989136182342
+989136197283
+989136178758
+989136188666
+989136188066
+989136184030
+989136187997
+989136191889
+989136184413
+989136198457
+989136198975
+989136198076
+989136194669
+989136183669
+989136193355
+989136189818
+989136180202
+989136181676
+989136179049
+989136198070
+989136192185
+989136184169
+989136193235
+989136185597
+989136184861
+989136184498
+989136192991
+989136177799
+989136194024
+989136183832
+989136187481
+989136190999
+989136185044
+989136196840
+989136187102
+989136190653
+989136192005
+989136180487
+989136188863
+989136179702
+989136179999
+989136192391
+989136180335
+989136191034
+989136178727
+989136182179
+989136189286
+989136185480
+989136180664
+989136178189
+989136185805
+989136197059
+989136180854
+989136199994
+989136189961
+989136177994
+989136187926
+989136198646
+989136194458
+989136185718
